x <- 37
y <- x^2
